rab.all	rab.win.Control	rab.win.Treatment	diff.btw	diff.win	effect	overlap	we.ep	we.eBH	wi.ep	wi.eBH
g__Berkelbacteria	-1.76822339338534	-1.6017266225585	-1.93973810016536	-0.192388193747487	4.50355917778237	-0.0404915861279828	0.476222827003486	0.522552146385291	0.770265758972435	0.536825827114527	0.754518045722527
g__Lineage_IIb	-1.34941972845221	-0.98396525839227	-1.70658697858719	-0.725699090095972	4.81854991867712	-0.131705131522861	0.434103263448716	0.42665516708289	0.68789299587192	0.43695632365472	0.662859443835423
g__Elusimicrobiota	-1.59692967551394	-1.22201929990268	-1.92411075180822	-0.697487919301494	4.59966945425719	-0.133194113259359	0.433808556559066	0.424118555294118	0.693669169993757	0.439904980171914	0.675933461828512
g__Lineage_IIa	-0.327810114866248	-0.786162879635349	0.183578544425445	0.5660383037652	5.46995815696391	0.104143253783143	0.456890700921334	0.627034528637893	0.847621187833269	0.606813472844112	0.809314006118604
g__Lineage_IV	3.31794114994373	3.44307677800021	3.13273992291524	-0.177547528615689	3.47066412894049	-0.0386942399122093	0.471147319509682	0.679769290575291	0.880150316592161	0.725235535049401	0.88490362231884
g__Brevinema	-1.76285028798498	-1.62110978001152	-1.88333708284442	-0.225782257175179	4.45021152111867	-0.046408439456325	0.476902174803273	0.529849509335743	0.767485700473898	0.496469815956606	0.720733930708815
g__possible_genus_04	-0.880436002206927	-1.60263751211416	0.0758374074433643	1.9366095706067	4.90390715571059	0.352021310088476	0.331296680767366	0.177002087868668	0.426274646160409	0.109568469098976	0.314300652655209
f__Fibrobacteraceae	-0.876351766379284	-1.46188191726754	-0.267093515817283	1.30128682033432	4.79051891777523	0.229438615419875	0.386965381357251	0.301494109356905	0.567473806479422	0.240393206438556	0.478731801040548
g__AD3	2.55228273322192	2.59900533103682	2.51370299733004	-0.0364564792440758	5.23486274197342	-0.00613721366436158	0.495923913200253	0.679173914152616	0.877550897698738	0.801745747439292	0.920927812807835
p__Chloroflexi	-1.78923917207358	-1.41138670543472	-2.18899129417184	-0.753905090400718	4.36338755996154	-0.150867149419448	0.422267484390054	0.443233578760284	0.687511109794672	0.420341879745427	0.651052629722549
g__S085	-1.82032944538357	-1.59535353377325	-2.06778873632903	-0.490817703890692	4.60140735463549	-0.0861807737820561	0.455842393015975	0.477973467717061	0.732180414236348	0.481904035996565	0.706780984402398
f__Anaerolineaceae	-1.21539745373446	-1.67388868339432	-0.699176124701045	1.34632975244231	5.33718400483434	0.22428196746743	0.384928721571025	0.226136423170831	0.475442915175569	0.276991914162221	0.496949397646841
c__Anaerolineae	-1.70633272590535	-1.72372915197559	-1.67649573156916	0.104505297095556	4.59562026208717	0.0227717567111473	0.491847826400568	0.480735521414705	0.73884131079131	0.522406361584706	0.735284364368614
g__KD4-96	-1.7931868005971	-1.67964140310195	-1.95004199604135	-0.2932729440699	4.37656464853481	-0.0531171966913061	0.4701086968059	0.495713237265671	0.748779432949464	0.523065310424304	0.739822783621506
g__RBG-13-54-9	-1.7335944474681	-1.58444690651814	-1.86003934809125	-0.340780012547247	4.36168344645197	-0.0642749031254923	0.469789546310513	0.50147066125706	0.74917888018438	0.511560581753856	0.726842181542934
g__A4b	-0.806091175601333	-1.63787605649175	0.558949572579327	3.17031063713245	5.43742334217992	0.508828334192912	0.29619566157387	0.0374691300809004	0.196665515189955	0.0434423612961482	0.186629539950795
g__SBR1031	-1.5324099494653	-1.56295059003449	-1.48146383327181	0.350830262442815	4.74760097530857	0.0640656395695793	0.464673914408916	0.465799653570573	0.719288409806894	0.492482571936475	0.712609220033635
o__SBR1031	-1.76330067180669	-1.64358496344853	-1.90121005172376	-0.159680534913422	4.46411497913117	-0.0321656893734633	0.482336957201899	0.487898714548569	0.741581435044804	0.496002318854667	0.715770572931822
f__Caldilineaceae	-1.80378711961654	-1.61528019251753	-1.94536383910518	-0.336285146089472	4.30985324189929	-0.0702657948805215	0.463000680315493	0.51386320474167	0.755003507763244	0.500451021857403	0.718418611288686
f__Roseiflexaceae	-1.59443099187384	-1.54553859989475	-1.63338338341312	-0.00880374526466632	4.40670790584954	-0.00104727569687611	0.498981670100211	0.536323539196266	0.770144497519758	0.567721649393497	0.762080618658644
g__AKIW781	-1.79672205448663	-1.53717762967018	-2.06090819487285	-0.494751588652098	4.29306932289455	-0.100507185201928	0.449422948330564	0.449237618235195	0.710042161730093	0.458979977635862	0.674721491463099
g__JG30-KF-CM45	-1.77692169252592	-1.61998200394009	-1.90709911527066	-0.238790074744712	4.496291424759	-0.0445885090121915	0.479972845305387	0.479672407661477	0.735849541940322	0.524568916508998	0.727175268164507
f__Ktedonobacteraceae	-1.79683154769047	-1.51450273120531	-2.06907747425812	-0.560576956898669	4.56069123017137	-0.11567325143815	0.442634082341278	0.460701729599411	0.70920280953667	0.481014555684349	0.695370331317389
g__1921-2	-1.77882017491066	-1.32655879559802	-2.18440401578401	-0.859273275291948	4.70905590288186	-0.152498509465902	0.412084185425945	0.404838276903996	0.656685199610049	0.409664663470886	0.631619816174881
g__JG30-KF-CM66	-1.68053346359955	-1.33031436014355	-1.97280061770533	-0.665387083237556	4.52179057354894	-0.125967525570212	0.439538045838101	0.439890986812682	0.690871662170261	0.437827467437263	0.654803390920919
g__TK10	-1.72874901791696	-1.72465402120984	-1.73863509669269	-0.060713935431842	4.46219552037362	-0.0137827288344507	0.496266123700782	0.497952567672764	0.750276722687392	0.500949217252518	0.725490863644111
g__WPS-2	8.92346881024589	9.47439834836221	8.52018191126472	-1.15026806024121	1.80760922470018	-0.547399809673311	0.247961969516977	0.0228132140644999	0.20133143835564	0.00261155851754232	0.0664807033493855
g__WS2	-1.59985584964992	-1.55130203340214	-1.63307882116324	0.164867384294038	4.71350985651265	0.0399998026487915	0.48133061850487	0.514689153831486	0.761312065430024	0.53221868054795	0.740940910199398
g__Abditibacterium	2.01406154589497	1.56287966663019	2.31953585547944	1.11730977232715	4.75582228120067	0.204308366936525	0.372029876271048	0.329195584526588	0.632261331129735	0.203821768359741	0.48921031177126
g__Fimbriimonas	-1.69211471194319	-1.61135931379085	-1.80591771796854	-0.0600340008716813	4.41733671232448	-0.01048571823916	0.494908350501076	0.460575093864064	0.718157856328199	0.495520658600644	0.711043517023388
f__Fimbriimonadaceae	-1.71966563663511	-1.51265178588487	-1.94983945899813	-0.341356328286562	4.4890521646903	-0.061006261258886	0.470788044605584	0.463719093300324	0.72849617559139	0.489620579336029	0.711249655739425
g__Fimbriimonadaceae	5.51337161552498	5.86816785418578	5.31872851819481	-0.60065128785694	2.07076554651349	-0.211057429634078	0.374066536053711	0.217045712105896	0.547162689396476	0.137501948017583	0.418107107058759
g__Armatimonadales	6.65298406915451	6.86423010420631	6.31941951404379	-0.278334271507233	2.32270577740213	-0.0911423430696594	0.437881876150275	0.759354672747421	0.917699694809455	0.528387697628853	0.78830129855978
o__Armatimonadales	-1.49037796854026	-1.12598574311661	-1.89549903920823	-0.949197315031124	4.73552586688573	-0.180178390146142	0.414402177304485	0.398221056861706	0.655764106152736	0.405735023098893	0.635441726887398
p__Armatimonadota	-1.34101957847191	-1.68409386258319	-1.05108646385201	0.718690809788448	4.41646076249419	0.141603338868374	0.431385872254727	0.475115907100835	0.727853495925602	0.469806131062298	0.686277618744817
g__Chthonomonas	5.62549624738568	6.12154993439228	4.98488611762491	-1.28090207506756	2.2854001205489	-0.438317531201452	0.266802455438185	0.030293537117871	0.201215831784491	0.00648432243827283	0.0899478626738419
g__Chthonomonadales	-1.29903004411877	-1.44242179757258	-1.13682502642057	0.64704631157758	4.57135767440085	0.123297077382376	0.448369567224471	0.465172407362277	0.734889710623661	0.470272078326743	0.699211195868493
g__Rokubacteriales	-1.87635988249852	-1.55861506805578	-2.18485944303791	-0.743536931597528	4.57490852469144	-0.134907501469996	0.43885869803933	0.443053280673336	0.702447764464538	0.442184761884229	0.663201078526795
g__GAL15	-0.969011694740442	0.363288487418694	-1.81969520073257	-2.12434204438345	5.37579005115144	-0.365062077663691	0.333333340534692	0.101076675330235	0.356925742200679	0.0832462479872808	0.289636866873542
g__FCPU453	-0.073592555207644	0.886269592775603	-0.820469746737814	-1.40027497916705	4.95647030122776	-0.260844979576095	0.370244570568059	0.258380985125836	0.518538118304118	0.210315809512842	0.447708298767525
g__S-BQ2-57_soil_group	3.40021206615927	3.81640907597761	2.89985316392838	-1.08581924895752	3.35384881966119	-0.256892903201003	0.322690225191448	0.159311966981597	0.447938942784744	0.0423668492301306	0.219878067079793
f__Methylacidiphilaceae	6.81467908743057	6.95334628511511	6.71388688790962	-0.164461418187032	1.7275968094481	-0.0743573058345269	0.455842393015975	0.791284624164088	0.931903428119238	0.662515872501725	0.856609616657254
g__DEV008	-1.4385743816215	-1.6372934967178	-1.25264898701738	0.457253836563286	4.41890615305577	0.082841227882772	0.453804349618043	0.51005277405646	0.758865847174312	0.500785261856845	0.715064718726044
g__RS25G	-1.78081787431402	-1.5919765007727	-1.99287370446803	-0.361203592335724	4.51932172775982	-0.0728931350560476	0.459239132012911	0.486073426316993	0.737838399961345	0.487728016989073	0.712024376798814
g__SH3-11	-1.58324837537294	-1.68643368943434	-1.49025344846071	0.234393236477533	4.43487534411123	0.0471980732837926	0.477257298906524	0.517326176550941	0.757141547361786	0.512246802500172	0.741440627508395
g__Pedosphaera	1.55133373551808	0.768969650849656	3.88085545790899	0.415419571196775	6.53852929454443	0.0592325178591927	0.461956523210781	0.531121908117185	0.790867603578799	0.645306926659994	0.837548432401024
g__ADurb.Bin063-1	-1.68167784832728	-1.30637411560065	-2.05667130881445	-0.854825091654844	4.91324952370149	-0.152096766616745	0.423913046473893	0.38976054408358	0.659214518773929	0.399013821690916	0.632659509740015
g__Ellin517	-1.26789113628115	-1.6637377776841	-0.916754120994171	1.07719138491626	4.50688293472653	0.217632668240081	0.402173916955569	0.390403430873945	0.637651098859398	0.349149830544869	0.571962827783262
g__Pedosphaeraceae	5.37073837469988	5.21614930723169	5.60320210688761	0.373353711768828	3.03602984736433	0.0781255675116863	0.442934784832357	0.592541927504163	0.834912953833382	0.470903628092334	0.751662833346481
f__Pedosphaeraceae	9.20859499772354	9.25588055175552	9.09907995003721	-0.113056534802032	1.48158384304768	-0.0635165356404141	0.467391305607296	0.894764595896455	0.966692255620379	0.672980568729028	0.86607726929187
g__Lacunisphaera	0.353717305184296	-1.24901222068988	2.81465678980755	3.47235499836689	4.89780264048784	0.627113167606903	0.234894786736685	0.0129014135842422	0.10958472655603	0.00431190406045594	0.0608610348056379
f__Opitutaceae	5.74598808970337	6.08039499734854	5.18614294467816	-1.22751075999748	2.82383555336644	-0.303493446872347	0.29619566157387	0.11081357374383	0.395801882154341	0.0205328985219677	0.156078592957697
g__Opitutus	-0.626972656231715	-1.32273009113362	0.547377867516217	2.32740535582245	5.26598340420451	0.40312976881481	0.331296680767366	0.130731944788624	0.378759931524698	0.101346577982156	0.295768393672036
f__Puniceicoccaceae	-1.83534624863454	-1.52158710648685	-2.1027604724267	-0.703072489588657	4.76933572111147	-0.126111619824479	0.438179350240586	0.413627220492129	0.688887925555612	0.413180373605262	0.65280255546504
g__Cerasicoccus	-1.40901830582974	-1.3573348633271	-1.4914274159632	-0.0717166347002243	5.09405160947569	-0.0145162089050112	0.493206522000452	0.568888542946216	0.808062584738835	0.60640783455763	0.809665311696811
f__Chthoniobacteraceae	-0.334347483636626	0.538033894165733	-0.998800223653077	-1.7323760835683	5.97821456689281	-0.279820756023283	0.357773257810383	0.199967647429162	0.471272252269951	0.137890623953389	0.368683776662961
f__Verrucomicrobiaceae	-1.10999858804662	-1.14446789378042	-1.08500766940919	0.04541585586741	5.18755316820512	0.00587219712170521	0.495587237100928	0.576415111725864	0.807996932983021	0.59625604079926	0.795868463137149
g__Chthoniobacter	6.15502731928791	6.52348207860793	5.70133602485947	-0.778728169869077	1.7207500344731	-0.288969951126734	0.311141312819948	0.347475053825645	0.665971529123376	0.0305491635884812	0.190703475536248
o__Chthoniobacterales	5.48706629740821	5.82003494681786	5.32036590525104	-0.448534606497752	2.87999223576122	-0.114994299264286	0.394433133911052	0.635999838537385	0.865675338963021	0.240953081504089	0.544834966070245
g__Candidatus_Udaeobacter	-1.63451106742835	-1.59788303704074	-1.67068001429602	-0.0486373801894651	4.4088199707433	-0.00746192949996259	0.497623896900495	0.546499327697438	0.777548580833768	0.553149601290534	0.758041547858027
g__Candidatus_Xiphinematobacter	4.84369193575729	6.01123255119897	3.66248849037764	-2.19182440341416	4.8183397360495	-0.440455242125517	0.252038056125113	0.041622529929145	0.231190131071097	0.00399094948676715	0.0740509423588308
g__Roseimicrobium	-1.80299745635324	-1.63796513972404	-1.95892547665802	-0.457687845686306	4.39568383107925	-0.0839627543112612	0.459239132012911	0.443239017812765	0.7058213687128	0.472628266988539	0.691966371936739
g__Prosthecobacter	-1.75875172048121	-1.62638392421115	-1.90732289434495	-0.297892014846607	4.41137721906806	-0.0578483758509749	0.470468432910091	0.489413312842274	0.725095250752828	0.52096621475909	0.727143960434097
g__Omnitrophales	3.83690529092329	4.68398381651873	3.40552439544295	-0.737761811281283	6.85974873925082	-0.10797941303981	0.424592394271983	0.591762163907079	0.823892681454023	0.414345998887269	0.70019529598375
o__Omnitrophales	0.331582127396168	0.303970821342397	0.37627563169485	-0.3916386537649	6.37413178579627	-0.056207526249749	0.474184783604189	0.585779139429629	0.823041368893249	0.66147721736246	0.842007165657886
g__Candidatus_Omnitrophus	-1.57062090974404	-1.62662180592938	-1.48292854772214	0.26774234961098	4.52477233185778	0.0463892980429951	0.475220639107479	0.555925451531261	0.785238407089539	0.543851672070894	0.754613357024271
g__BD7-11	1.38281760979933	1.56767566016034	1.15763319785885	-0.44050913717803	5.72805245026602	-0.0756217502223329	0.468070653406926	0.600868050430613	0.83293354509627	0.669786507828394	0.856726787619002
g__Pla4_lineage	-1.50497930545151	-1.55671633910476	-1.43892092040667	0.104430263296299	4.21579732495829	0.0166165179536695	0.490156144302187	0.534632152166484	0.775151003818687	0.560635360919706	0.767170796069872
g__OM190	-1.3981155126344	-1.67463194931933	-1.11732120046549	0.658598134426523	4.59054291146413	0.109779695110221	0.439538045838101	0.419207803510031	0.682315370017271	0.42170547742938	0.653910919171079
g__vadinHA49	5.73610251318811	5.91007609229908	5.6077570052045	-0.498887649900611	2.98406797546451	-0.11474013025425	0.432450783362231	0.52734909779716	0.804052543681227	0.390365652922943	0.696397813252842
g__CPla-3_termite_group	0.979479126479557	-0.310258517570313	2.34229280692655	2.41450699671041	4.79774558100004	0.458427376482339	0.283288053740757	0.0593985786543048	0.258128500022746	0.0208152277389048	0.143890156081454
g__WD2101_soil_group	9.72665675524947	10.0643081609424	9.09356508847546	-0.850856008542409	1.66387685545529	-0.466913090631086	0.274456532629341	0.0190624374618584	0.186504472910435	0.00944276383561263	0.107818719131338
g__Phycisphaera	-1.86100568147266	-1.56275952544042	-2.11519362898685	-0.399031509856544	4.34875740281918	-0.0740427667111613	0.456890700921334	0.476148982962822	0.736360881592935	0.472801003035981	0.704321907727493
f__Phycisphaeraceae	3.069879014044	3.67011058801624	2.41971599706468	-0.431377044543495	4.77512701806301	-0.0806428416863328	0.444972828229218	0.655156534104717	0.859539761981019	0.53991122436247	0.786990754838338
g__SM1A02	-1.35997538208098	-1.53999959729784	-1.18335976755781	0.563654010566895	4.76007253887375	0.0997218055749296	0.452445654019522	0.451243790980141	0.703031945610593	0.469393398679634	0.684764178114655
f__Pirellulaceae	6.73654636941412	7.20652604312557	6.38620035302892	-0.61341485747272	1.93898620994458	-0.216110470382145	0.359375005872917	0.806985051551052	0.935108785085483	0.0991303027588954	0.35785986162076
f__Gemmataceae	8.26119817520447	8.58108380449361	7.89423820951327	-0.651853684510919	1.32881575632389	-0.454002374345052	0.298031238054325	0.0181783066546156	0.180614203861231	0.0127849784480517	0.123598800228564
g__Gemmata	5.13773561422971	5.31135353021726	4.95206012244404	-0.277024842690484	3.25881163735231	-0.0701054242490875	0.449422948330564	0.763838535366642	0.916958141865942	0.614863718165328	0.835846599052027
g__Fimbriiglobus	0.320049655425564	0.743472949244143	-0.0493283471262451	-0.974100561046354	4.82070321757277	-0.178789547670894	0.403258659664553	0.409375545696814	0.687214088350623	0.371082582028688	0.626728702573606
g__Zavarzinella	-1.76580032149365	-1.55949874353956	-1.971745429622	-0.178154557709645	4.56965695914818	-0.0362798227213603	0.482009505104624	0.485510746604334	0.732294238074313	0.482259631147134	0.705244480608586
g__Telmatocola	-1.56979574683844	-1.45986701399658	-1.69970733021502	-0.00225832161379991	4.67104947295668	-0.000447188614557033	0.49966055670007	0.514485641541763	0.765878427226872	0.553175300405065	0.767179994723349
g__Pirellula	-1.7310275344943	-1.56804979159219	-1.89301403526399	-0.154459292620336	4.52162082101668	-0.0283591679998079	0.482688391704386	0.550994307096639	0.790862139643311	0.552045153560835	0.764439712652001
g__Pir4_lineage	-1.64696824136852	-1.5613452281449	-1.77765925684949	-0.119577723921388	4.57150387328162	-0.0225257640969859	0.484725051503714	0.505225500694303	0.759702711580552	0.548857443502595	0.759593174120613
g__Aquisphaera	7.71785654070974	7.90939790284339	7.42024128793773	-0.585732451653639	1.99641215398151	-0.200096327784788	0.358452144402991	0.391130394698094	0.712708127317019	0.0891095385174893	0.339534313381599
g__Singulisphaera	-1.82332626439613	-1.37532378858692	-2.20366829456948	-0.784208312992844	4.67901117365517	-0.139795720588443	0.426340803978026	0.402656648765123	0.644495286880076	0.409300249128942	0.620288249928076
f__Isosphaeraceae	5.56940695097518	6.00091931001843	5.25338530828552	-0.520555078609444	2.13087914569155	-0.15241898105646	0.385607608166376	0.698731612203151	0.886660642952749	0.190338376695958	0.492202888457576
g__Tundrisphaera	5.12192026574074	5.94521553558256	4.08990954584526	-1.17877711998849	4.20730376221722	-0.256453502232729	0.322471155120353	0.295128858197065	0.617767874818938	0.0343338223610071	0.205433831726876
f__Gimesiaceae	5.86980882644749	6.48286712680032	5.28912620948325	-1.16812275089372	2.25206688366549	-0.343487986927283	0.262907620459125	0.322829557544168	0.637348447661315	0.00842619652888666	0.102128735011993
o__Planctomycetales	5.34893013103981	5.35378328899167	5.34288291795494	0.00633225487585953	3.09365757103718	0.00117910536503805	0.498641304400081	0.755382004140465	0.915026373742406	0.856982332111699	0.947396810544379
g__SH-PL14	-1.66496718041412	-1.58953813314113	-1.72117622091994	-0.17020568664516	4.59134604890832	-0.0333679228437481	0.481657609402041	0.563088769610327	0.797470806983029	0.596458702784414	0.780991900402757
g__Schlesneria	3.28066450681177	3.82139421547024	2.99019226451093	-0.646819635534831	4.63503831556294	-0.124338457534585	0.410726412231406	0.658251757240429	0.861099591107975	0.315410264758524	0.615371266254957
g__Planctopirus	-1.76197040820133	-1.62559670053046	-1.96007388880937	-0.159494322871445	4.37861075603867	-0.0264699541879589	0.483695652801637	0.522015503599197	0.758850230319563	0.518050007498015	0.741054887683057
g__Sumerlaea	-1.2375274605338	-1.61122186631277	-0.818715733529952	0.842738739831891	4.54517270646222	0.15916278392862	0.41372282950696	0.452874197479918	0.70276813250391	0.415963241829401	0.649102266519493
g__Hydrogenedensaceae	-1.5228010173996	-1.59527137389879	-1.41545749005715	0.124091640202874	4.20224949064241	0.023055899556981	0.487771739601008	0.522669273852254	0.764160439541586	0.529678496668088	0.747595277829721
g__FCPU426	5.06361560336158	5.45740930653382	4.69836185429384	-0.631841393497465	2.61643158508188	-0.209694046703939	0.372708762865202	0.386764437018453	0.699205337464569	0.148761157310806	0.435546293188576
g__Turneriella	-1.49828424598354	-1.65723084261391	-1.26468621908572	0.386698701336613	4.28768199238151	0.0733506227677077	0.460597827611812	0.562362043511438	0.79795326039844	0.551035480996372	0.760123407233513
g__Subgroup_10	-1.20028028891414	-1.31041020641006	-1.05584788839947	0.395898223220382	5.62049675294257	0.0642921969065874	0.468431773111395	0.567607408311745	0.805303526160927	0.58308219989437	0.77727470037988
g__Subgroup_7	-0.913068245756068	-1.28615212715082	-0.319621931868164	1.1458006858762	5.55338834046303	0.182724793352725	0.416836391608113	0.426843952102603	0.694380677941654	0.368322046071017	0.608730634106993
g__11-24	-1.43389817176539	-1.4276120945785	-1.43879213197464	0.17307547915391	4.79838233410939	0.0326577885598824	0.48811948450272	0.492776126121965	0.765454895816278	0.529536526899159	0.758807038888442
g__JGI_0001001-H03	-1.17904301348349	-1.58727422386271	-0.671160394571742	1.18278670722856	4.65627535796925	0.208463074736177	0.402173916955569	0.393174967750292	0.655704597741057	0.316685144540255	0.5634724923047
f__Blastocatellaceae	-1.27091407408455	-1.54624460637129	-0.977292028918529	1.03729515835968	4.92924012501415	0.18198792498642	0.408689752439917	0.372723278804119	0.62875754002145	0.399586924266463	0.623908282853063
g__Blastocatellaceae	-1.76597400778474	-1.55330778326189	-1.96127622379305	-0.389564390405639	4.85605712145837	-0.0703786622216327	0.465037340113844	0.535680976512655	0.784252487713902	0.511791087464924	0.735466486211977
g__Blastocatella	-1.77092674209858	-1.52622450627082	-1.99189545498264	-0.328254657605832	4.6361937755316	-0.0677374608267414	0.466032610008076	0.504086888140441	0.749781473901618	0.478860037784806	0.712327791696014
g__RB41	-1.74534436471071	-1.57990346331914	-1.93331598662342	-0.193590649679173	4.43305420136101	-0.040201391339543	0.47589952570715	0.516691697968297	0.755153191576718	0.489618298160987	0.708478172302461
g__Bryobacter	11.171738426913	11.4080543926281	10.7223095805491	-0.679133295781264	1.23359238907305	-0.498388588661937	0.278343527228235	0.00418861370539485	0.0955797534793821	0.00959698948515776	0.108140300874687
g__Paludibaculum	-1.20699598697179	-1.69211764914656	-0.616555011112593	1.29152119987718	4.53485552661679	0.251655824349606	0.382213175190214	0.292345407499198	0.559327331369781	0.260170784243992	0.484793981394125
g__Candidatus_Solibacter	9.60519693072215	9.84200619878001	9.08032004273234	-0.889735619764476	1.44388301745835	-0.575495104648519	0.241168491859471	0.00109642536203765	0.058249685568676	0.00268864359788594	0.0654283764694256
g__Vicinamibacteraceae	-0.940459993807071	-1.62223026438934	-0.138396203701626	1.87710879787878	4.87226405926283	0.338854610496924	0.350543484572854	0.169471126613312	0.436176668460661	0.117387352238336	0.331660061054579
g__Subgroup_13	5.30035497489997	5.82461162743078	4.80294773151679	-1.04497687041542	2.78836260796656	-0.261046488567087	0.313858703962883	0.276401121485588	0.599276606447844	0.0308875740384088	0.192496939656132
g__Subgroup_12	3.50960802903481	4.03992365150907	2.68436704921104	-1.21637106908534	5.03156906477241	-0.210900431084096	0.374320657333457	0.245876479970393	0.570939364790743	0.151999550518231	0.436331834924333
g__Subgroup_2	13.8281102980898	14.1185662454535	13.1979836090383	-0.881350103045114	1.44787656386493	-0.544162674730598	0.260869577141704	0.00317349695800495	0.0868561534799696	0.00378093342205241	0.0727705182932514
g__Candidatus_Koribacter	7.20217338767519	7.59858286918678	6.73065132840504	-0.724836365300343	2.08955221656765	-0.25319553252267	0.354619571324991	0.321606567286855	0.659519717184742	0.0864199148767233	0.336156117323805
o__Acidobacteriales	13.2368164804526	13.4700483361815	12.8194976635234	-0.893315137423379	1.20947323284094	-0.64116763074079	0.208559799585023	0.000574068789321903	0.0470149366090429	0.000472460380688284	0.0326533340515591
g__Subgroup_15	-1.87472399036371	-1.34809312974027	-2.31763885736818	-0.867007623839305	4.49983500073911	-0.172445015560019	0.408010865842841	0.354920484321245	0.629043571357704	0.356215949910294	0.594930733804126
p__Acidobacteriota	-1.75781437343156	-1.25716419920775	-2.20507549852466	-0.932109283208165	4.6094500836439	-0.178408596841323	0.41508152510205	0.363994159834855	0.633964456038472	0.365526272177035	0.597629432042408
c__Acidobacteriae	-1.88989577799744	-1.65181482543971	-2.10690267508536	-0.380333634028033	4.70153934263521	-0.0710894184547234	0.467752886511856	0.504430494305446	0.750317013339302	0.511447963065501	0.726678342742928
g__Edaphobacter	6.81963663164995	7.01588712260721	6.46684990619702	-0.317046992129847	2.23393809806637	-0.0907699560777048	0.433808556559066	0.795262615354631	0.931768439136275	0.479325975930094	0.760298931626483
g__Granulicella	9.39814935751284	9.45759428815123	9.33503672390156	-0.171253766499784	1.65367516285691	-0.0916653636518588	0.459606247318564	0.624801136678501	0.868467079832379	0.637709314644004	0.851954810919466
g__Acidipila	10.1632893347033	10.3207112681367	9.91158379989456	-0.488773678719732	1.63177843622329	-0.234280180159346	0.384928721571025	0.231405163411297	0.597189157817397	0.142189334175507	0.428768698380818
g__Acidicapsa	5.91053050761474	6.28242854595759	4.8866335121822	-1.3614277948167	3.21137435675996	-0.352382192537907	0.307535650225681	0.00970082160935447	0.141796536937279	0.0272052525853984	0.184745620874664
f__Acidobacteriaceae_(Subgroup_1)	7.57872518077418	7.90816520106721	7.1257900328344	-0.488708434618464	2.18008893748306	-0.132074870516094	0.408010865842841	0.32632368790098	0.675214260135796	0.300193230094137	0.616941569574211
g__Occallatibacter	10.7513763760191	11.4084790847264	10.3344044009035	-0.772389781943399	2.03829147736936	-0.337130247895429	0.34894773211397	0.0746949906538325	0.365309364761828	0.0882963023291397	0.342119025203046
g__Terracidiphilus	-1.76542682449754	-1.54946028782327	-2.0552468971704	-0.445426078289085	4.72446280276076	-0.0873913715313906	0.461277175411288	0.479171832700227	0.735586172060253	0.49956750666941	0.710349249613327
g__Subgroup_17	-1.61829730593495	-1.56872121881104	-1.65812105949325	0.119807479645663	4.64472899930866	0.0243727918081032	0.487440597902907	0.537599857284877	0.773286889439263	0.547666779822479	0.750171178340467
f__Vicinamibacteraceae	-1.74876966743791	-1.59017872536918	-1.90319893778964	-0.23020961218413	4.53815637746604	-0.0543080564091166	0.476902174803273	0.461214177529577	0.722837274266873	0.48024708129578	0.707102084153548
o__Vicinamibacterales	3.34936773727544	2.97868223177959	3.93291545349366	0.293640430140091	5.81427750175477	0.0437644637420243	0.482688391704386	0.688083634535597	0.881834263002935	0.768258996277579	0.907735465855729
g__Subgroup_5	3.67120502401209	4.10173435813379	3.25992094058338	-0.911974762797287	2.68009375241614	-0.269321536366347	0.329260021001002	0.116889405118481	0.386182214661926	0.0584028974841203	0.258875313618702
g__SJA-28	-1.50352914920408	-1.63330919183017	-1.32765260443422	0.390835547831216	4.71798923536375	0.0697924425928542	0.471467392405281	0.473705890258008	0.735155528322776	0.481371135743015	0.70527364712951
g__Kapabacteriales	2.56328426559445	1.39466620192686	3.16348386945186	1.77219878431972	4.74715233352812	0.314483101947997	0.349184788989497	0.132749480964075	0.415919775046145	0.0974917981725937	0.338555224865719
f__Gemmatimonadaceae	3.74060026004263	4.22858164639461	3.1919276853856	-1.15222465419993	4.54510217280193	-0.24136309713325	0.339673919916166	0.193782789354164	0.502112868738921	0.0614632677819443	0.2720054104213
g__Roseisolibacter	3.14355687393296	3.75013891447736	2.55030777278339	-1.27694957273228	4.89678056805927	-0.243226674339688	0.344195525975827	0.212022598703079	0.500108399628617	0.0989334698948573	0.344157615220396
g__Gemmatimonas	3.18841805139348	3.53958978541343	2.71133738512568	-0.554501723239918	5.30383514812381	-0.100468950943557	0.429347828859561	0.556208151293085	0.808399276870327	0.440168362943778	0.71166716562807
g__OLB12	-0.879498284964846	-1.57931974658569	0.208563379796932	2.40497991289496	5.10926891618437	0.421448490264424	0.327902247823971	0.125491398741478	0.340832246040581	0.0996944723865373	0.286686365332771
f__Microscillaceae	0.554601272505324	-1.39246091034811	4.79771903932375	6.49316907078257	5.51409584163075	1.03990024348921	0.150712857159007	0.000121963432464894	0.010180024245967	6.94043915700031e-05	0.00887698230517403
g__Chryseolinea	-1.05733579463898	-1.59204380840545	-0.452776196483638	1.25320645018851	4.39733127041559	0.237836275000119	0.38383152646184	0.319351296349135	0.583698045372964	0.267041962889021	0.493838646446668
g__Ohtaekwangia	-1.53072211006731	-1.58948435506418	-1.46044259757029	0.290904354536202	4.73554894587387	0.0523555048276206	0.477257298906524	0.531455010088224	0.768625907193512	0.547754004654263	0.752396682995773
o__Cytophagales	-0.532602319864873	-0.988020143969681	0.0302639419820023	0.813033283388194	4.96692510845492	0.148213978441168	0.420516307483978	0.448578470265408	0.702342119125343	0.436103505314816	0.655102179404748
g__Flavobacterium	-1.06723991451436	-1.59987039359397	-0.500772249133295	1.56130495739639	4.79871099264091	0.270288376266648	0.369993216488997	0.273435131830333	0.546259273573749	0.209903201997665	0.449113568220475
g__env.OPS_17	2.25261211944824	0.676292580533913	3.29065705781074	2.19869685647375	4.77482340438085	0.420344070199755	0.280570662626104	0.0564067670303499	0.249266317797143	0.0138592470873784	0.121541984164342
g__Chryseobacterium	-1.73098439666143	-1.49499641795466	-1.99582144997456	-0.469626013625657	4.46778125592283	-0.0905340740899451	0.457569587520614	0.491405086584573	0.747533947133777	0.486551027034348	0.718667737941191
g__Fluviicola	-1.70386969903775	-1.54852324964675	-1.87917813259942	-0.270207154674339	4.34097589074286	-0.0501258049238326	0.475220639107479	0.511229343082381	0.751397717998406	0.510008155442794	0.727227683427588
o__Sphingobacteriales	-1.13972290440728	-1.24916127614297	-1.06638344261304	0.116108889661678	4.80322145112569	0.0201829172050519	0.489809783000769	0.498564701055193	0.754689990197631	0.524599381556389	0.745162867853941
g__KD3-93	-0.939710055290065	-1.56668453454694	-0.155457663208472	1.97367560360515	4.76542296788762	0.365507264296758	0.349184788989497	0.141841719179106	0.396003111089359	0.123628491409864	0.333649924187646
g__CWT_CU03-E12	6.09846633589238	6.12882467682435	6.06984635596563	-0.171892013124222	1.71969758370534	-0.0556411844545654	0.453496267925223	0.481100338573987	0.780582139663564	0.564394291121672	0.802534260504464
g__LiUU-11-161	-1.6503957765447	-1.58265334210678	-1.727061124564	-0.0847759053010417	4.45753265919314	-0.0129101882250646	0.489809783000769	0.520219207163063	0.773162028548635	0.520910876096429	0.739353831033846
g__S15-21	-1.68216962387819	-1.2768322446105	-2.08967943879552	-0.588379886137567	4.69568932931576	-0.113750303301958	0.442634082341278	0.466636856924496	0.714598728904618	0.457014782301557	0.665440612447286
g__37-13	5.38625517430115	5.40308341303046	5.37588425585014	0.0363247471974493	2.11893949438107	0.0138670209807237	0.492871690701533	0.741013193702417	0.905436577014377	0.853860818260154	0.943735601659198
o__Chitinophagales	3.34252569897243	2.75598792327353	3.92601738383711	1.32654039658328	3.46446066772232	0.318150368732385	0.297554357138719	0.151332902334822	0.437154262425766	0.0259949833147048	0.171960468347841
g__Aurantisolimonas	-1.74477240601672	-1.67463192506943	-1.80677328998641	-0.0351528462615249	4.50496929131973	-0.00741841177485716	0.496266123700782	0.514826489285757	0.75859088221113	0.503891232906495	0.720539064648618
g__Terrimonas	-0.939371047557198	-1.67695720710813	0.0298555135671297	2.20958370186109	5.24492335917585	0.373729374308434	0.322690225191448	0.119721826098783	0.345840604153588	0.0997232141026582	0.286406621461142
g__Puia	8.02319024429685	8.30662447992375	7.44429905263126	-0.693636852437876	1.79705726401829	-0.354520055862037	0.334918485386569	0.0594663840786122	0.323273090588797	0.0694216052150995	0.300340130097543
g__Pseudoflavitalea	-1.79484310061523	-1.62892651385394	-1.90207421785938	-0.277363861440956	4.35282768877773	-0.0531879612959101	0.478940218202691	0.478027174240906	0.734626096787576	0.498200113765552	0.71726758414769
g__Dinghuibacter	0.586154650436917	0.442772368481418	0.667158081493715	-0.0592161286120048	5.60975504793704	-0.0104247682825664	0.4952445654003	0.622355591354983	0.844601459825523	0.703788689955884	0.868872330123032
f__Chitinophagaceae	3.75479339530416	4.00995229474166	3.42384311883485	0.0589001913253893	5.59008560113378	0.00700013173087474	0.493885869800399	0.690461767136561	0.885929329295315	0.847245502465732	0.941249483913452
g__Parasediminibacterium	-1.80928947695779	-1.54590932288493	-2.01692060106105	-0.287079403473485	4.60036645431534	-0.057985141508974	0.473183979308529	0.475980097797976	0.731019769099519	0.517992661398702	0.737664368836951
g__Sediminibacterium	-1.54306452440841	-1.47213512615082	-1.64705814703474	-0.00651459912837193	4.86935775423269	-0.000964591288432238	0.498981670100211	0.512901947970562	0.76829809160904	0.543328860747251	0.751706864735875
g__Heliimonas	-0.847400910703199	-1.55253029904404	0.105789136568745	1.84062559026961	4.93340254989259	0.332237210822106	0.341032615496942	0.157405169147399	0.396527497156803	0.128339231439842	0.325311362586389
g__Ferruginibacter	2.57575855689168	-0.580213621532981	4.23195756066728	4.75059097524885	5.7405322477501	0.766139619578234	0.20706043804115	0.00187678401053704	0.0489149250178391	0.000536255301687527	0.0298503014120382
g__Edaphobaculum	6.00490312253259	6.11326289953052	5.93616162441094	0.0197029094573171	1.85110884005809	0.00898290739406211	0.491513917501853	0.232864338067535	0.584549183990007	0.798772475814857	0.920303941829174
g__Taibaiella	-1.7175369614715	-1.59031919867192	-1.83011861630794	-0.317728755771014	4.29875931634925	-0.0619663053257044	0.465037340113844	0.49919464064858	0.752644441186836	0.488539265776354	0.714719835383135
g__Phaeodactylibacter	-1.73858934445295	-1.70189555844208	-1.77585801983948	0.0143386276065014	4.72118082465584	0.00404176412197777	0.497282608800165	0.53453189323818	0.775173499656966	0.565519948635935	0.769071815557232
g__OLB8	-1.8178784465646	-1.57620274394981	-2.02051966901808	-0.26167151083983	4.54251195187514	-0.0537597257289679	0.47554347920371	0.460805720931797	0.711701645413572	0.463069399312707	0.687670667732456
f__Saprospiraceae	-0.860787812792798	-1.60598776022053	0.143168715684199	1.99872990335319	4.8920705877124	0.374596332768999	0.324507814883351	0.113136064803517	0.339747313109068	0.0906246926577722	0.27852061320984
f__Cyclobacteriaceae	-1.73349854362083	-1.62391816019279	-1.82285406120159	-0.0717581903608	4.67556658819098	-0.014305672338579	0.490835030902018	0.51027980461736	0.757753382439444	0.561349667381781	0.763149930370244
g__Sporocytophaga	-0.357905523952191	-0.811960925898058	0.31301828711297	0.964032200594118	4.64546785888627	0.178548578495995	0.399185340084979	0.448574633896318	0.707377351963378	0.323844065502641	0.581229259122417
g__Dyadobacter	-1.82321839603104	-1.62580115802744	-2.02385305176982	-0.303087802623558	4.42483892129143	-0.0604932318164704	0.467073999912332	0.485716990651248	0.73717091887728	0.477685605710636	0.700569499914146
g__Larkinella	-1.74035797789953	-1.50648623595438	-1.98390945632845	-0.459250564699624	4.41179548074838	-0.095214535620064	0.447010871626299	0.45263235779063	0.706558608714832	0.447089607747517	0.672632250835205
c__Bacteroidia	2.49646775063437	0.267671014717983	3.36921247352145	2.84860410748965	4.07336984365622	0.612488355213819	0.227581536639254	0.00452530254741096	0.0808949605903007	0.00128645766328131	0.0456898920860705
g__Emticicia	-1.77761363540749	-1.60324675276463	-1.95064625961371	-0.301004804759482	4.41489918505723	-0.0545608413608089	0.471147319509682	0.497912196614948	0.754350600324243	0.520299016878088	0.738474249246712
f__Spirosomaceae	-1.27150265896636	-1.68005283824891	-0.850932251192264	1.04222912609169	4.68279628923897	0.194056161221976	0.404616432858123	0.347224887049366	0.616321487491822	0.347993729323581	0.579778506013199
g__CCD24	-1.49938563766693	-1.6359708446893	-1.42739873442141	0.102805632003838	4.43801462821143	0.0227072242526841	0.489130435200844	0.539414429948535	0.776433008575867	0.553032281592012	0.757588063023733
f__Thioalkalispiraceae	-1.76899803705373	-1.56325617497423	-1.96163766634713	-0.268902130610877	4.30618743632638	-0.0581731976314716	0.471467392405281	0.489020446008292	0.737964576103431	0.497374654240408	0.715070913673833
g__WD260	10.7059828319666	10.9396768064761	10.5131930729329	-0.514343982378786	1.29037390439697	-0.367115607941511	0.296673464889385	0.0139801075408051	0.164157054998431	0.0181135048033811	0.144287088106885
f__Steroidobacteraceae	-1.46816589194364	-1.2901336006236	-1.61833223981659	-0.211251517197557	4.81016457975098	-0.0393788230222297	0.48029891380235	0.541023037956552	0.785504364001969	0.556540565818662	0.76668970854618
g__Steroidobacter	-0.748720112717804	-0.387705531836854	-1.03673569842138	-0.636878508362816	4.64921928282064	-0.126260571009314	0.429347828859561	0.458002335548115	0.721859692887217	0.459483929222859	0.68562461937912
c__Gammaproteobacteria	4.55816660530613	4.27306030184528	4.71755599469205	0.250015478778843	3.21911380697246	0.058625637579093	0.463679566914927	0.484176646844508	0.767892542816615	0.722179625098162	0.888299986121346
g__Acidibacter	9.10513699078157	9.47310689859335	8.36221197151471	-1.01978919130968	1.96739186559329	-0.447738033897317	0.315896747321449	0.0239619721970666	0.208458803657673	0.0255366414633345	0.178332417284564
g__JG36-TzT-191	8.6633185446816	9.0236957361961	8.24998513170244	-0.976556322667656	2.19206251652009	-0.391707582344397	0.259334703137094	0.00817302820556696	0.129461383527193	0.00340254494609013	0.0710759665469396
g__R7C24	-0.758541580314601	-1.56637392493129	0.659302082883701	3.00861613656009	5.48801971533161	0.50425438173418	0.30502718275627	0.051638265059126	0.22953266810782	0.0354267618078191	0.177423563707478
f__Burkholderiaceae	-1.26243548033054	-1.4629179490559	-1.00354837462673	0.776093821811719	5.6899552483066	0.125106014814142	0.436820654643181	0.371342514337188	0.653894549889517	0.446534925662932	0.674871072973026
g__SC-I-84	-1.64827668722801	-1.61132804516132	-1.69154809541321	0.0836999485754299	4.48883535713117	0.0135690222436621	0.492527174200508	0.527174954707231	0.769496203718911	0.5326373968876	0.746537665077566
g__Luteibacter	-1.8838646100921	-1.45511933087347	-2.32335838392951	-0.852833497895263	4.71391327499989	-0.165449239865391	0.41168478611463	0.347397971556312	0.610173205938603	0.355560375461166	0.584530101819857
g__Rhodanobacter	3.63702960416067	1.11513580009565	4.29164898113975	1.93354198779956	5.92592328305685	0.311516862015217	0.333559789807601	0.109986519366366	0.38733012844661	0.0510087155529027	0.245935779033682
g__Dyella	2.48834820883183	2.80559246670576	2.15499638757581	-0.642547791653872	6.28136009033703	-0.0972940540101342	0.450407610621898	0.557466438873746	0.807901579851233	0.531457897072167	0.772701016249726
f__Xanthomonadaceae	3.11175485274017	3.66795499723219	2.5409039153631	-1.1192360171612	4.9249763672401	-0.211252330806183	0.380176515405238	0.253978342002613	0.576837678909793	0.165648547714278	0.453034372372594
g__Pseudoxanthomonas	-1.72870853230634	-1.55102179852776	-1.90944997012466	-0.327515815025101	4.27952502781621	-0.0668238563783292	0.467391305607296	0.463239016440034	0.73437214249794	0.500334313816169	0.719659566093142
f__Rhodanobacteraceae	-1.28372662049962	-1.22426987761886	-1.36978893980535	-0.040959190331372	5.03374157386845	-0.00764107042814595	0.496266123700782	0.568382229606493	0.800012914836206	0.604822534566171	0.796745830515473
g__Tahibacter	-1.32741580068684	-1.62155136364659	-1.05645393325977	1.05799154141144	4.79370093356647	0.19206280842387	0.404211960346052	0.401067354956261	0.658238778371572	0.38760786318956	0.612958115773339
g__Arenimonas	-1.32920810273324	-1.65448863449588	-0.952867529075838	0.794549548757765	4.93280489731574	0.147107730286732	0.425661917379944	0.403792743756058	0.67175425934622	0.404235481700324	0.643286364778592
f__Solimonadaceae	2.0349633601602	2.41145695276269	1.76627777809519	-0.144664863637963	4.1176737996267	-0.030058824882278	0.482688391704386	0.65807984329078	0.86137198435465	0.746211441165899	0.898173474350626
g__Hydrocarboniphaga	-1.73566205912435	-1.59129273092769	-1.85786281756499	-0.07597047125555	4.70080993577953	-0.0164696589321325	0.488451087400923	0.531223447038472	0.782001248061804	0.566197808212333	0.771589708067788
g__Alkanibacter	-1.24930948423305	-1.61699899424634	-0.787252857919185	1.04601607991042	4.50791704013244	0.203988296372984	0.403532612549178	0.372600460320324	0.628266428991052	0.336132733189655	0.557942014067267
g__Nevskia	2.51791186710789	1.74288935451439	2.84822183272679	1.12277040978329	5.3681176274579	0.196440411449646	0.388323154548354	0.366491097078519	0.669315858504875	0.244490876122698	0.544493812925784
g__EV818SWSAP88	-1.77168773037569	-1.37669088521933	-2.08834000047512	-0.591273292901991	4.49215117406045	-0.11863191523918	0.441576089234577	0.461860104095393	0.719221361401759	0.475993215708269	0.697003618266693
g__Candidatus_Endonucleariobacter	-0.130253728993992	2.20028911311592	-1.53738429266444	-2.79141885652483	4.97298873828213	-0.491808134240695	0.262050249425138	0.0471873265569676	0.204086932819088	0.0130213166588026	0.103527167490088
g__Coxiella	-1.00647399759815	-1.09262647073648	-0.910926060968992	0.0539511470693013	4.74240340001832	0.0129048590128644	0.494908350501076	0.573611625867363	0.80580405562783	0.591762181226758	0.797161274520328
g__Candidatus_Berkiella	-0.170527781377627	1.06807715711241	-0.957794768684798	-2.14914080837061	5.42903692925501	-0.351640017784364	0.338764433252106	0.126950984127418	0.386729281463812	0.103322537415426	0.315283446065697
g__Rickettsiella	-1.80490267051243	-1.53176470464118	-2.04700104203757	-0.516506524297011	4.84841215909434	-0.100323457468043	0.453804349618043	0.532175842425449	0.770986765297778	0.531329390311792	0.739079037844645
g__Diplorickettsia	-1.74657136220383	-1.54822442693365	-1.99839371000369	-0.260917354550837	4.64484967168706	-0.046366472855611	0.473183979308529	0.524836742757837	0.769830246077446	0.506865303778534	0.726074759836822
g__Legionella	-0.485267192859086	-0.425024621320183	-0.525561369460759	-0.296474481611052	4.92366206635733	-0.0576997868948807	0.474864131403944	0.575207032413843	0.799773176370567	0.599788237921279	0.793823860386003
g__Candidatus_Ovatusbacter	-0.323124896865517	-0.745090827038128	0.0891282431726133	0.470190712629165	5.40131762303036	0.078981697131913	0.460964020517284	0.601685910210528	0.82878994522356	0.59474603882536	0.800220769472722
g__Unknown_Family	-0.813841595787642	0.224566422532492	-1.64668881140807	-1.71204806693454	5.13439994946997	-0.302723549028982	0.351902180156559	0.173657169672888	0.443766800283327	0.128056135043689	0.359123835891913
g__Pseudomonas	-1.43386263939265	-1.14682155733649	-1.7062163104433	-0.55665223520981	4.62332278432386	-0.100787520664118	0.445652176028221	0.446341825673056	0.707379515253654	0.455623969209176	0.686137214838367
g__BIyi10	-1.58787956767641	-1.56903780556971	-1.61760809895297	-0.0420442173552029	4.29973107851173	-0.00731972224937308	0.495587237100928	0.525082726199701	0.773098364805686	0.556599933411014	0.757451907262143
g__Cellvibrio	-1.6182625745331	-1.50592370736495	-1.71035280267396	0.0810956090544233	4.46799545354905	0.0126616326337887	0.494908350501076	0.493530051997712	0.750585275906179	0.526120304724171	0.73946540772325
g__Escherichia-Shigella	-1.0862957439169	-0.525242177995385	-1.53141614039132	-1.39191543710667	5.26180889720221	-0.235375316357664	0.390625004417906	0.271702280730376	0.542241472356665	0.264263568933286	0.498343039507546
f__Yersiniaceae	-1.58501100382618	-1.18206265948505	-1.95695828616076	-0.590913607912331	4.61241925347937	-0.115653256379542	0.445349628736705	0.419553300284105	0.675341249456516	0.411850847398474	0.636285194199502
o__Enterobacterales	-1.79348609252659	-1.40232355686398	-2.16004026971979	-0.785515954502924	4.62397973640993	-0.153668630814173	0.415478618413008	0.39608562661759	0.634513495396005	0.382036302746374	0.59477616769577
